Global	73.47139044	1.769747333	1.008760258	0.071750206	0.676452388	3.1489502	0.296858971	0.574808655	5.121111967	1.850578692	1.454396531	2.08410821	1.810626102	0.301969847	0.305304833
China	77.5821751	1.850731275	1.393518094	0.074187132	0.340365291	2.861275657	0.352631825	0.017427718	4.716209801	2.028727547	0.987177162	2.777920007	2.437863372	0.386616542	0.09001617
North_Korea	73.0855127	3.134287207	1.129525148	0.16457043	1.679711588	4.27826397	0.437674028	0.035906138	4.926926413	2.271416053	1.112465131	2.890882048	2.433811499	0.494410076	0.126234795
Taiwan	80.14454129	0.737877567	0.683661212	0.026244527	0.027993252	1.188944249	0.200742641	0.014915586	3.923575551	1.179927181	1.552874032	1.919530571	1.669437625	0.28052827	0.076929642
Cambodia	69.84874693	2.308453821	0.424557425	0.016419626	1.80509434	3.314012104	0.306499849	0.324119021	4.090879802	1.668054367	1.69472939	2.476609399	2.039175736	0.425434906	0.237053456
Indonesia	71.38054394	1.380830733	0.771392992	0.021163363	0.555472336	2.463502003	0.326678774	0.445731416	6.422224928	2.032536086	1.873079714	2.144184576	1.780703968	0.375724216	0.098470858
Laos	68.89185442	2.748045493	0.447214788	0.031291807	2.197875709	3.858978384	0.310038468	0.471448494	5.935516625	1.988289671	2.20370817	2.43775261	1.993749305	0.448968488	0.187336496
Malaysia	75.00647692	0.738763195	0.711412159	0.020422584	0.007242943	1.160670999	0.194685151	0.078750912	5.384204467	1.944927592	1.697805273	2.086434437	1.715594406	0.391691302	0.131060379
Maldives	78.94362462	0.616072033	0.365525349	0.074888716	0.173833058	1.177667562	0.271221223	0.092686523	5.890547552	2.026234072	2.056042505	1.962088111	1.638248464	0.345205243	0.047510034
Myanmar	69.39050231	2.614465521	0.785618226	0.051528666	1.669573775	3.579687242	0.229157879	0.338201057	5.795407894	1.833772685	2.190839221	2.234643885	1.904828232	0.342021807	0.220429545
Philippines	71.79842343	1.67568055	0.691634481	0.002370234	0.929484446	2.383616195	0.224456865	0.242926132	6.165007733	2.162167406	1.885343374	2.575556176	2.159934841	0.460447557	0.164648196
Sri_Lanka	77.26431733	1.180735637	0.592042589	0.020242721	0.539993663	1.648877029	0.178818103	0.089962347	6.813987982	1.735399101	2.80550642	1.158479433	0.893404723	0.238657653	0.048168218
Thailand	78.21996028	1.033313191	0.808333527	0.03502701	0.182609534	1.722651686	0.291478568	0.191043959	4.337853338	1.260430693	1.63339961	1.774576019	1.551573608	0.228961468	0.551599921
Timor-Leste	70.53785531	2.285405731	0.35873327	0.014327004	1.85638153	3.230187739	0.242466314	0.43826058	5.263617116	2.0166239	1.747765152	2.02828734	1.694381644	0.346545467	0.414827993
Vietnam	74.41647513	1.401322566	0.712584259	0.021318212	0.628545794	2.011707963	0.267599335	0.065516071	6.266611802	1.957342833	2.082628686	2.263838171	1.929567663	0.352724454	0.16385572
Fiji	68.34205722	1.114154349	0.567961935	0.001664047	0.520857519	1.527352364	0.136993635	0.180130749	11.64446548	2.94916467	5.538546816	2.189065754	1.638861775	0.576604953	0.182720922
Kiribati	60.72254999	2.070190827	0.23601639	0.016917184	1.788674595	2.972745201	0.132943102	0.519136576	7.745248997	2.292081981	4.033885264	4.105411936	3.533248721	0.656565811	0.401913825
Marshall_Islands	65.45226313	1.220122611	0.39609473	3.73117E-05	0.800361438	1.785156181	0.172684629	0.191282233	8.187724621	2.690811238	3.828524076	2.287616405	1.792167744	0.539819324	0.259733624
Micronesia	64.14913198	1.193586305	0.463207817	0.000120521	0.703116697	1.717535761	0.19328153	0.126807795	8.521317729	2.581880473	3.950070043	3.039959961	2.57081835	0.534390019	0.850743662
Papua_New_Guinea	64.545985	3.239304935	0.280327577	0.000475707	2.890943066	4.747936109	0.307663928	0.851178274	5.325112393	1.905287923	2.821215116	2.480095838	1.911383104	0.623535337	0.857316836
Samoa	70.56601276	1.858323781	0.39693656	0.012059953	1.405468754	2.175926153	0.165817176	0.073827172	8.453507629	2.374132599	3.670354221	3.075870252	2.525657041	0.65004718	0.250669987
Solomon_Islands	59.13290468	3.493186499	0.252290258	0.000174404	3.162304083	4.646521445	0.240215388	0.548710381	7.154365355	2.872798546	3.100242292	3.230733707	2.629567672	0.652773133	0.240305425
Tonga	72.9699814	1.04925059	0.407502254	0.010175268	0.611583078	1.391001301	0.174477657	0.057975184	7.228927298	1.958769501	3.499410198	2.617020516	2.138718478	0.527117975	0.206594773
Vanuatu	65.45401943	2.927250794	0.350382609	0.003326894	2.504309759	3.90727767	0.315782439	0.45609777	8.237270893	2.820298379	2.965040829	2.054755566	1.658081453	0.425867322	0.215324239
Armenia	75.68627929	1.353418188	1.277972728	0.045567746	0.030254259	2.175245646	0.20534117	0.022015108	6.870829434	2.71404848	2.121124489	2.593301841	2.223218524	0.415065838	0.092245478
Azerbaijan	70.82639988	1.334312671	1.209334795	0.017300222	0.098962455	2.199600949	0.106740698	0.064846671	7.211784546	2.90104123	2.036600319	2.384068411	1.888417352	0.525620529	0.056405195
Georgia	73.34292212	1.247370165	0.805662723	0.020659862	0.394536853	2.117146196	0.174076592	0.016808617	9.857693873	3.003354083	2.443215616	2.600328408	2.26316137	0.400568906	0.091373199
Kazakhstan	71.92563329	1.048080929	0.877902959	0.044065738	0.117794795	1.861892464	0.233991317	0.021849886	8.089275083	2.661786018	1.960349542	2.174483299	1.90608208	0.306387518	0.094867823
Kyrgyzstan	73.41757214	1.62072675	0.98326525	0.061664672	0.532981604	2.593862304	0.152331361	0.051493556	6.968357716	3.649660304	0.975914877	2.43765169	2.023597154	0.451395533	0.119005073
Mongolia	68.00728939	1.833396079	1.23076056	0.009890919	0.540252493	2.426093619	0.111626116	0.068951414	6.005330356	3.395140821	0.57433431	2.390340542	2.127573279	0.288207564	0.096598531
Tajikistan	69.53111288	2.0487848	1.264204118	0.032175231	0.674302678	3.421176448	0.107646299	0.260033424	8.144446493	3.239364313	2.268304291	1.568172309	1.238913773	0.350447502	0.046499702
Turkmenistan	70.7458139	1.585526489	1.571473137	0.012155455	0.002174984	2.703183655	0.082862497	0.070407072	11.60423918	4.757358237	2.083731977	2.328133677	1.729248347	0.647387136	0.091694167
Uzbekistan	68.40467365	1.756021751	1.54609955	0.012047789	0.172798029	2.706629087	0.110429049	0.051323089	8.71120461	3.630209882	2.379491795	1.554100226	1.223802038	0.346370482	0.07807261
Albania	78.33872478	1.071553714	0.711045206	0.008883865	0.329568143	1.96871865	0.130558123	0.009424209	6.627029622	2.817899208	0.901161155	2.45385523	2.146183027	0.36289519	0.040423554
Bosnia_and_Herzegovina	76.94036517	1.359115607	1.004757758	0.020323679	0.302984024	2.153693251	0.128598458	0.004197064	7.552537813	2.348165606	2.523704174	3.036605045	2.770140564	0.354597746	0.065593214
Bulgaria	73.32179076	1.018722331	0.839406239	0.011373184	0.156766223	1.823524634	0.113229036	0.006861541	8.658663206	3.226434887	1.618014024	2.890185383	2.665906776	0.317724377	0.092942122
Croatia	78.64258787	0.65766469	0.599478036	0.027038969	0.031073177	1.355115079	0.253519698	0.003310426	6.548441496	2.24621358	1.650139468	2.497947426	2.286398078	0.300255075	0.047533179
Czechia	79.41663715	0.590104148	0.558516211	0.026038218	0.006828516	1.283257535	0.21311229	0.007547993	6.582449137	2.47763308	2.103489803	2.349215984	2.18543565	0.222207292	0.059154941
Hungary	76.57494048	0.772351703	0.621848933	0.031369701	0.114994761	1.493277243	0.181792842	0.008040821	7.055361959	2.838935029	1.807789973	2.995802112	2.770872101	0.3284012	0.070316593
North_Macedonia	74.33326825	1.365109025	1.127827064	0.006503757	0.206712414	2.075003915	0.090118823	0.004639331	7.549345854	2.292449805	2.268775454	2.828909962	2.560767419	0.363438211	0.057606862
Montenegro	75.83670782	1.166680787	0.884978393	0.0079762	0.251714923	1.799955609	0.10043994	0.002534703	7.756196901	2.537195407	2.207091801	3.560882362	3.295599191	0.382474463	0.056900405
Poland	78.06670127	0.864362421	0.770508387	0.016191077	0.073968592	1.540317304	0.23456396	0.005434918	5.834224534	2.241160866	1.618052513	2.664070715	2.504667299	0.21668243	0.080926411
Romania	75.49711927	0.759864849	0.646023814	0.005542557	0.102645942	1.579520895	0.156951597	0.010851799	7.841033629	2.892794628	1.018801576	2.435620643	2.196581411	0.301462337	0.137821476
Serbia	75.6518008	1.054286636	0.879633424	0.007887048	0.153152336	1.737349068	0.150544813	0.003395812	7.006577046	2.198056074	1.937395622	2.810234603	2.602970821	0.295004676	0.097182496
Slovakia	77.53232918	0.701958684	0.682272536	0.013716133	0.006387365	1.315766038	0.117549399	0.00468132	7.259345258	3.04439103	1.301581378	2.086855471	1.881128067	0.253386635	0.065581934
Slovenia	81.305329	0.467594692	0.412211188	0.026697631	0.029684031	1.090611319	0.268619909	0.002817587	4.661767981	1.640151401	0.931208041	1.927720957	1.808318471	0.179271608	0.042731929
Belarus	73.98890955	0.837778164	0.821960906	0.006617497	0.008729708	1.415539284	0.121898853	0.004043593	8.752322424	3.842931816	0.958102161	2.65427537	2.452217568	0.241477294	0.114931649
Estonia	78.01940701	0.140640919	0.109656639	0.004344988	0.026459786	0.629620073	0.121834989	0.004895763	8.084053215	1.928137831	0.833681259	2.009218577	1.90163991	0.152510222	0.112785052
Latvia	75.84369194	0.503213695	0.45739749	0.004146284	0.040048952	1.049600844	0.134099113	0.005801384	8.025919764	2.761244965	1.059253648	2.198823351	2.027345555	0.210877498	0.136457606
Lithuania	76.21774128	0.384775168	0.36359059	0.004121601	0.016609181	0.870372179	0.122747807	0.007502106	7.618864831	2.806963981	0.787915876	2.040951585	1.897056244	0.179491602	0.086072038
Moldova	74.26590637	0.729054147	0.632727328	0.009740638	0.082319921	1.513990414	0.091528133	0.028101066	9.020608542	3.086422369	1.188307784	2.252009438	2.039957076	0.248007765	0.15393788
Russia	72.95648981	0.527214659	0.502979196	0.007603599	0.016092574	1.171811206	0.181542278	0.011527733	8.151570727	3.017175755	1.234403478	2.598239173	2.388088908	0.263675455	0.201757303
Ukraine	70.13274431	0.804213461	0.748752742	0.00806548	0.044470153	1.412419955	0.126657701	0.011477012	9.007369716	3.518898939	1.033748857	2.772814026	2.527759774	0.293977673	0.201895805
Brunei	74.29876518	0.221099407	0.213620437	0.00352813	0.003906583	0.576924452	0.22645379	0.013728931	5.093363033	1.688305786	2.561935877	1.70180611	1.53922692	0.184841252	0.116210083
Japan	84.55785066	0.297784837	0.281096038	0.017033572	0.000637521	0.849674337	0.228201742	0.016586546	2.546599794	0.991724737	0.643960098	1.709882711	1.613674975	0.123538559	0.049482111
South_Korea	82.82625036	0.691468287	0.653073237	0.042211961	0.000434445	1.251301085	0.144904747	0.013557382	3.106638263	1.169283694	1.20013634	1.700375693	1.599640786	0.119095988	0.046398792
Singapore	84.56529991	0.56564943	0.54728183	0.018805815	0.000876086	0.910576447	0.182996641	0.030344841	3.278715029	1.226088456	0.990974092	1.248122011	1.143574668	0.119545534	0.055119713
Australia	82.78995483	0.111323848	0.104683105	0.005972865	0.000780208	0.827618743	0.362727487	0.006498673	3.79067769	1.242488092	0.946023545	1.313977155	1.239571205	0.098962762	0.039696265
New_Zealand	81.69922977	0.100519689	0.09202166	0.007790152	0.000818164	0.87981278	0.320536516	0.008269182	4.063227733	1.492142649	0.925067433	1.625588447	1.541337059	0.112729755	0.039753685
Andorra	82.03218235	0.220641199	0.17682096	0.044814785	0.000385975	0.99889558	0.451806213	0.003276842	3.643304775	1.018578429	0.850509475	2.090783199	2.005591489	0.132091958	0.129049224
Austria	82.10003815	0.323962746	0.292989325	0.031504758	0.001044385	0.935688399	0.235113163	0.002443381	5.344180905	1.453060435	1.210294235	1.923741445	1.819440166	0.162282909	0.047175508
Belgium	81.3531792	0.341801779	0.317656022	0.024922752	0.000507222	1.226063774	0.395624948	0.007696457	3.234000201	1.106314737	0.871489097	2.198688088	2.110846124	0.137528085	0.048673317
Cyprus	80.79167297	0.455660308	0.417089862	0.039690102	0.000784159	0.972538685	0.217294378	0.002935695	4.597487613	1.316268408	1.584057477	1.870945245	1.751314676	0.169686262	0.042115467
Denmark	81.06390765	0.265366522	0.237328045	0.02861984	0.000365071	1.100618348	0.365091605	0.006071987	3.290796565	1.137430645	0.905686073	2.656712291	2.565325836	0.138237474	0.053390326
Finland	81.77280916	0.075043524	0.069812802	0.004878765	0.000411451	0.654185434	0.235617843	0.00153907	5.594623494	1.802070362	1.508218339	1.471678333	1.411789567	0.082793041	0.027431323
France	82.77135829	0.250175309	0.234735476	0.015539774	0.000627584	1.016949732	0.43237701	0.00462988	2.991462095	1.079828673	0.602348251	1.734044816	1.678901575	0.084085391	0.060714172
Germany	81.16366433	0.311478796	0.289763346	0.022490641	0.000306299	0.978542611	0.275941839	0.003788349	5.133695929	1.408993702	1.452362433	1.919373955	1.850666866	0.10831502	0.049547169
Greece	80.88651473	0.509690347	0.478773745	0.028643896	0.00326559	1.250531211	0.193236278	0.003664168	4.664837622	1.553736699	1.157689292	2.848731184	2.696803449	0.241363808	0.043237148
Iceland	83.89172193	0.087975915	0.074475057	0.013323518	0.00033011	0.856304341	0.291197242	0.00480862	3.936358623	1.519315755	1.002730715	1.898313145	1.793872662	0.147783165	0.033273581
Ireland	81.95452001	0.163050912	0.15852923	0.004034073	0.000567701	0.964812018	0.244436599	0.00496553	3.676332841	1.286566615	1.034049078	2.108516214	2.011212137	0.132303769	0.04523715
Israel	82.90204676	0.501422344	0.467046346	0.036881476	0.000755799	0.907869766	0.159178563	0.007899817	4.163490063	0.949049847	1.504226644	1.491005876	1.401604868	0.119516037	0.047196321
Italy	83.03213276	0.409794807	0.369796784	0.040665695	0.001762581	1.155489838	0.334798044	0.002564486	4.393021505	1.272988666	1.338352074	1.725721447	1.626855104	0.143431975	0.055547128
Luxembourg	82.79895278	0.244940342	0.219371096	0.026029675	0.000483348	0.961218217	0.297350107	0.004494552	4.103014377	1.2723857	1.324120093	1.920622808	1.833644595	0.126554292	0.037579597
Malta	82.43672433	0.424128511	0.389389553	0.035240562	0.001035442	1.212627578	0.277177779	0.004810634	5.295590441	1.790517088	1.807066798	1.728033191	1.615144969	0.153437753	0.033798358
Netherlands	81.69827425	0.310399958	0.288067205	0.023063598	0.000348563	1.114393035	0.418145557	0.003926238	3.036494888	1.028879722	0.804972969	2.278865175	2.198581755	0.121888211	0.037629341
Norway	82.82917988	0.1066044	0.093107792	0.013474216	0.000248303	0.798501161	0.281547453	0.006102977	3.402608086	1.190430844	1.032654815	1.410795148	1.33126907	0.107401884	0.048087233
Portugal	81.66918373	0.196548014	0.174557052	0.019619984	0.002730061	0.952146051	0.197699601	0.009460796	3.853690507	1.135936694	1.402490555	1.480086835	1.35691444	0.152941436	0.144412078
Spain	83.01227733	0.258371921	0.205041369	0.050862643	0.00397547	0.966716154	0.256587437	0.003990146	3.600147192	0.965778216	1.136883186	2.004405722	1.915371182	0.141345078	0.066910481
Sweden	82.76766894	0.078314478	0.068376425	0.009775342	0.000283894	0.645872859	0.202018666	0.005134001	4.278818951	1.412065541	1.126787565	1.6357905	1.570993629	0.087102992	0.043184367
Switzerland	83.86362226	0.220010863	0.190488074	0.030502914	0.000184693	0.911520683	0.331837801	0.003242093	4.023586244	1.230531132	0.967180129	1.667245891	1.597734409	0.100951044	0.043873122
UK	81.03931781	0.245797649	0.237509617	0.00837934	0.000189286	1.148130643	0.391191318	0.00577189	3.305434387	1.28189788	1.150419148	2.3056685	2.203666164	0.146535365	0.048637006
Argentina	76.53702042	0.464121064	0.426050747	0.014616661	0.023335265	1.317170369	0.30757844	0.0399017	4.15717183	1.539045978	1.270915784	2.162815552	1.942587338	0.27452026	0.226688942
Chile	80.08807921	0.595475986	0.554016069	0.010178345	0.030604204	1.182481589	0.20224469	0.022175954	4.474945686	1.321073191	1.40295515	1.330011646	1.154310874	0.210096167	0.16909279
Uruguay	77.45709631	0.286882744	0.258260172	0.010499896	0.018108846	1.009402273	0.300040821	0.030101816	3.828544492	1.548134279	1.047042637	2.266344123	2.068545307	0.265058686	0.197376047
Canada	82.04145121	0.158494256	0.138994542	0.019560359	0.000299022	0.962564025	0.404115863	0.00716588	3.752173304	1.283858527	1.045897601	2.004789453	1.918843981	0.122011559	0.051365071
USA	78.84244196	0.235251121	0.191964023	0.043605412	0.000603705	1.026777302	0.304878487	0.006657554	4.910871775	1.634783508	1.658987601	2.337615427	2.233811289	0.14943915	0.084977115
Antigua_and_Barbuda	76.25820635	0.559474666	0.550044447	1.44605E-05	0.008959044	0.819376864	0.069500921	0.070223866	6.157580919	1.444993257	2.499295185	0.813443575	0.681527157	0.142176348	0.26683782
Bahamas	73.31726644	0.509384028	0.494007475	0.004883828	0.010405652	0.772959296	0.081821532	0.051967396	6.568161139	1.57624144	2.066306181	0.899270452	0.752521437	0.16036844	0.653644672
Barbados	76.1656222	0.642410988	0.641592328	3.57977E-05	0.000742308	0.88836003	0.074962274	0.054693846	5.357230666	1.266598712	2.289774664	0.687635392	0.583528469	0.110590787	0.302436417
Belize	74.38832777	0.937397708	0.694793856	0.014915499	0.21718779	1.526440267	0.211896364	0.157310302	6.219076048	1.180084446	2.39500003	1.231569359	1.043891197	0.203856804	0.617056926
Cuba	78.57823748	0.665290695	0.632803861	0.011041939	0.02104305	1.375983477	0.392610216	0.066043111	5.136500905	1.331284982	1.638128399	2.58000521	2.400879991	0.233972466	0.158809176
Dominica	72.30636056	0.627101205	0.552993576	0.000183123	0.07069523	0.957278181	0.112564338	0.08290312	5.899382006	1.07855098	2.209550144	0.832534171	0.712551889	0.129310401	0.292439606
Dominican_Republic	73.11387215	0.97568431	0.772554221	0.005681724	0.188244358	1.767253755	0.19177346	0.18391868	6.92581219	1.887392982	1.843882611	1.814895595	1.642646616	0.197529795	0.395435008
Grenada	73.27622056	0.8060741	0.767369691	0.001879945	0.03452188	1.219263757	0.102502706	0.076954385	6.546764319	1.440363982	2.751823278	0.967548165	0.81173246	0.16573543	0.256302451
Guyana	67.2848455	1.007762834	0.883718375	0.000357917	0.115221328	1.663490967	0.101395711	0.235132116	8.261465601	1.854808225	3.257610325	1.130742933	0.905898552	0.241466234	0.564502178
Haiti	63.726084	2.57001277	0.307180125	0.013554388	2.199055054	4.048595325	0.126450882	0.975946193	6.253940823	1.649176151	2.365069374	0.674502407	0.53665528	0.143317869	1.022028047
Jamaica	76.12174088	0.77534463	0.624498587	0.014714293	0.130375419	1.214486449	0.148514335	0.062542298	7.484687668	1.410215577	3.331244262	1.397599122	1.200494421	0.217792022	0.489052311
Saint_Lucia	75.12665464	0.738740833	0.697414204	0.000357308	0.038768851	1.139260681	0.120664782	0.06727481	5.9147295	1.332437435	2.528143593	1.054861846	0.932708498	0.135603044	0.226740586
Saint_Vincent_and_the_Grenadines	72.91523173	0.786423065	0.732175438	0.000199951	0.050831262	1.238113239	0.060299666	0.099616954	6.741457293	1.479173527	2.851967213	0.909254826	0.747836695	0.172379766	0.51220394
Suriname	72.559792	1.000421625	0.841836967	0.000730654	0.149035068	1.537305003	0.10265564	0.189087095	6.87112273	1.702141471	2.751023828	1.675728639	1.419767677	0.292869077	0.506968
Trinidad_and_Tobago	74.78650985	0.968644727	0.966161014	0.000983065	0.001451912	1.1722705	0.064437169	0.052546195	9.016781634	2.07223516	4.050930156	1.388255946	1.110712668	0.298974027	0.393451366
Bolivia	71.93605204	1.064642336	0.650689943	0.016336903	0.377587794	1.813087258	0.158796634	0.193713541	4.221520734	1.209951734	1.569066608	0.685541283	0.590483526	0.099750151	0.337447805
Ecuador	76.36727642	0.620168124	0.551299121	0.00573558	0.060742742	1.180316119	0.199742967	0.096017011	4.822026697	1.317113736	1.734170699	0.709617477	0.622076933	0.094181328	0.334308094
Peru	80.01388763	0.927419479	0.716903664	0.006378972	0.192647085	1.6290394	0.133610277	0.197880762	3.567046144	1.030801178	1.055106645	0.446286069	0.355837792	0.093728021	0.323958615
Colombia	79.84349703	0.791714962	0.653524699	0.011977761	0.120694087	1.404854078	0.183524785	0.064118749	4.952592646	1.668254887	1.735613045	1.026598537	0.873204344	0.1718274	0.267880066
Costa_Rica	79.89301417	0.513423135	0.450840843	0.012429804	0.049147493	1.013387409	0.161757652	0.053948846	5.077240626	1.447635559	1.566265057	1.153681948	1.024516067	0.150871046	0.183555257
El_Salvador	75.56404789	0.863095474	0.633968276	0.017617702	0.201853247	1.625280134	0.1269013	0.166500164	6.599166616	1.505944376	2.541836688	0.720651591	0.603796164	0.126128437	0.458389128
Guatemala	72.56158298	1.354044754	0.540369306	0.006282196	0.774306911	2.518860807	0.243607011	0.482918211	4.72546379	1.139439997	2.296786032	0.702708698	0.554470227	0.155185115	0.296616527
Honduras	72.05267664	1.438123772	0.427416748	0.020961003	0.95367412	2.448698283	0.283087386	0.267214067	5.404946377	1.537316818	1.909142086	1.223456812	1.050030451	0.19625218	0.130443939
Mexico	75.67159971	0.83865063	0.631252145	0.032940393	0.167425232	1.663309447	0.202903863	0.082110167	6.925515363	1.442980948	2.935852358	0.978727355	0.812728009	0.176989711	0.211259702
Nicaragua	75.35576651	1.145445791	0.400754983	0.011192482	0.704847186	1.758555256	0.159137945	0.113856855	7.36288787	1.687781777	2.660381623	0.848257308	0.667937163	0.193538979	0.389120207
Panama	79.80527279	0.513202597	0.404345119	0.011751011	0.094600851	1.008504317	0.1174204	0.141554568	5.643718131	1.523073096	2.286796645	0.841485511	0.728657925	0.121816179	0.522607597
Venezuela	74.88353683	0.91444552	0.897824154	0.010757388	0.00616639	1.856629327	0.396667772	0.110842471	7.374181403	2.173841824	2.628133802	1.434904603	1.198185711	0.260391048	0.337468748
Brazil	75.7443781	0.572135431	0.405459819	0.029865837	0.134304673	1.205974067	0.233477676	0.117962832	4.949271581	1.381638955	1.58435008	1.788635501	1.573641672	0.25153728	0.238590875
Paraguay	76.4831993	0.890367844	0.400424425	0.018966687	0.457722864	1.608597131	0.232244968	0.103864376	6.528967243	1.744334999	2.354061391	1.989080697	1.757049535	0.260974206	0.341707368
Algeria	76.12327872	1.192471022	1.164593997	0.02726536	0.003431084	1.974183238	0.150921859	0.036620271	7.338446128	1.888643123	2.054777218	1.517702655	1.161604369	0.395382572	0.054479948
Bahrain	77.00516506	1.463517141	1.419538856	0.048290008	0.003586464	2.123064753	0.176185842	0.026859436	7.187053135	1.356488608	3.444654911	1.473416238	1.187788044	0.313659417	0.024194633
Egypt	70.94520861	2.110896926	2.084111999	0.031722766	0.001551427	3.155134208	0.092163831	0.180479619	8.59834682	2.045056128	2.243951275	2.066266992	1.661529671	0.435785445	0.011940623
Iran	77.7514369	1.29995742	1.255412609	0.04755549	0.002865745	2.361749194	0.129300156	0.033475341	7.500898256	1.94382324	2.109045264	1.47571375	1.207233884	0.303695257	0.033867998
Iraq	73.23230965	2.016743103	1.995318805	0.018299946	0.004612901	3.026586341	0.137764104	0.038362291	11.5869621	2.694740302	3.288754624	2.440948419	2.006158436	0.491725093	0.025262818
Jordan	78.20012897	1.158296547	1.133784715	0.026801897	0.000533511	1.941019742	0.103283055	0.027364539	9.053402327	1.839469194	2.657438765	2.061427635	1.758915188	0.358375507	0.026338591
Kuwait	81.29230947	1.703866347	1.678764305	0.03091845	0.00059731	2.56034731	0.1345599	0.032956171	7.366741193	1.833500145	2.303582947	1.938308589	1.607597578	0.378179346	0.019691642
Lebanon	76.58198694	1.193628254	1.167943729	0.02438776	0.003221407	2.083776365	0.177963731	0.030177618	8.370018704	2.181896202	2.482541437	3.33775597	2.99537714	0.470632179	0.042468871
Libya	75.86339608	1.469897838	1.434865595	0.036400505	0.003164547	2.17416053	0.115544061	0.038356504	8.869861903	2.214972082	2.688318907	1.964500265	1.547793096	0.476443414	0.061997344
Morocco	73.29071526	1.592101903	1.467606745	0.029941742	0.086825542	2.683712272	0.183169406	0.132005075	9.622222278	2.100730798	2.601501632	1.445492071	1.132214184	0.341602148	0.090653718
Palestine	74.76434664	1.349668864	1.306096455	0.023558043	0.019403481	2.137131283	0.131021782	0.036331185	8.657463638	2.3073261	3.23035721	2.036340622	1.650984375	0.43396489	0.028520673
Oman	73.9326268	1.52575959	1.499832722	0.021701007	0.005470928	2.438756821	0.126111675	0.036531289	8.199723703	2.159491432	2.682551847	1.000821472	0.740842024	0.276303968	0.060160098
Qatar	76.24881397	1.268622131	1.249793921	0.02479532	7.74051E-05	1.892338867	0.13982874	0.012223806	6.245215876	1.182315443	2.516094741	1.08291068	0.848797813	0.255272782	0.017897611
Saudi_Arabia	74.49371904	1.942138541	1.907427742	0.037765871	0.003690222	2.798113091	0.106721836	0.040843892	8.433188106	2.186512097	2.472736611	1.541951833	1.192670011	0.393584523	0.041597652
Syria	73.81285719	1.444106757	1.417691542	0.026315687	0.002270648	2.422000489	0.131471904	0.032145231	7.946920062	2.649424497	2.409615514	2.128522981	1.791624139	0.401200144	0.017380086
Tunisia	77.66821068	1.262861785	1.230909548	0.031084743	0.0033846	2.183328249	0.146958104	0.033665311	8.54355581	1.894540438	2.509161833	2.17559107	1.84129326	0.3873036	0.051050399
Turkey	78.30797165	1.114858493	1.049891739	0.064241363	0.005722451	2.190019991	0.397412947	0.040229021	6.585997481	1.199227231	1.784891288	2.53905736	2.261038393	0.350053064	0.034963693
UAE	73.87364909	1.482508501	1.436353946	0.054934411	5.79764E-05	2.487260791	0.169389044	0.037229348	8.186444534	1.430563876	2.579041095	1.834042667	1.445189556	0.436042978	0.058579446
Yemen	67.6700667	2.17161235	1.118591162	0.030335723	0.945224295	3.995598329	0.215387456	0.533961153	7.233273423	2.865290989	1.569981159	2.308313171	1.928878445	0.442186995	0.053718376
Afghanistan	63.23429697	2.664282159	0.588314951	0.034244445	1.97205032	4.216499694	0.266878063	0.335446883	6.694254556	2.529546767	2.157430052	1.23929292	0.837392257	0.424334504	0.058028617
Bangladesh	74.55793957	2.911956376	1.164993735	0.133546667	1.528185791	4.538727701	0.290766222	0.593361775	5.08319646	2.166764441	1.502495191	2.010768881	1.612142448	0.368784988	0.068767523
Bhutan	73.0107577	2.093760735	0.81063029	0.165264277	1.077897256	3.53148378	0.413435381	0.309084554	4.510543218	1.543928989	1.37566977	1.185101719	0.954220015	0.193889686	0.149912298
India	70.78165605	2.693153041	1.511280785	0.206115793	0.941377066	4.810257236	0.33334921	0.964070107	4.406492525	1.724786144	1.589608665	1.790244488	1.432172739	0.342118656	0.127370628
Nepal	71.03695958	3.048612325	1.189744586	0.333468983	1.461737451	4.74712971	0.661089372	0.412711715	3.163269612	1.266715294	0.961791783	2.540519824	2.262129031	0.276755619	0.164652579
Pakistan	65.84661142	2.83213473	1.314976265	0.119041998	1.322520813	4.808076199	0.261666169	0.855835978	5.606388067	2.276000942	1.82365608	2.06852042	1.681593778	0.354172955	0.053942228
Angola	65.08050066	1.414169447	0.535401056	0.016715707	0.828677072	3.251498024	0.273350834	1.256156891	4.024879861	1.034530325	1.284371246	1.003700635	0.854326184	0.157083622	1.676411656
Central_African_Republic	52.25209873	2.373908812	0.26176363	0.025011107	2.062517581	5.867286574	0.294853743	2.812241529	2.825728616	0.835781941	0.989149656	0.712225592	0.601726669	0.112845524	1.901289539
Congo	65.37881878	1.590168525	0.799677149	0.019185036	0.723119817	2.902143573	0.164513717	0.980951638	4.611245578	1.233402567	1.418112773	0.761586487	0.636471232	0.128427822	1.846789557
Congo-Kinshasa	65.00140882	2.293887165	0.339778642	0.033606106	1.875737269	4.117133957	0.393787705	1.186742927	3.936392635	1.014668646	1.190026581	0.617489388	0.546798225	0.07046545	0.44889528
Equatorial_Guinea	65.97351638	1.178803418	0.955578039	0.015520194	0.191626073	1.884212875	0.157081023	0.387471175	4.104443443	0.860514171	1.353247847	0.624500291	0.511688764	0.115936721	4.27014982
Gabon	67.75190842	1.132754295	1.034452378	0.007516312	0.083843964	1.839674786	0.134410121	0.456715704	5.119452509	1.131517001	1.807720376	0.802737012	0.668126778	0.141463592	1.555630206
Burundi	63.80602877	2.486191747	0.206177141	0.027451042	2.228457497	5.080677506	0.32380239	1.939917872	3.247550874	0.98078442	0.939156091	0.804253843	0.713723946	0.086415551	0.588407313
Comoros	68.6426794	2.077162543	0.281168	0.004882346	1.758453886	3.613389277	0.21105486	1.178195384	4.087263285	1.253017931	1.070987038	0.952949756	0.720282952	0.218470407	0.21472874
Djibouti	66.66955527	1.501791452	1.017576976	0.015084528	0.438901969	3.032415491	0.118883817	0.935589354	3.98685938	1.497750062	1.152801158	1.392068164	1.140357559	0.257328377	1.876616136
Eritrea	63.75091679	2.128209314	0.522142566	0.017011197	1.532828151	4.642970294	0.202959546	1.867936094	3.301910492	1.129549297	0.996643056	0.726833083	0.587837503	0.141174346	0.695534976
Ethiopia	68.78701481	2.285911682	0.259170995	0.022650038	1.974086926	4.555943729	0.259398843	1.565932163	2.991628926	1.155546974	0.891390158	0.340335174	0.282967453	0.057059088	0.828381416
Kenya	66.52976556	1.604147963	0.304812028	0.013774385	1.256128393	3.263702452	0.198676044	1.211826228	3.074878081	0.8726974	0.828940623	0.71029661	0.607056306	0.101847185	2.547077955
Madagascar	65.43666375	2.634898557	0.231710626	0.010988472	2.353305725	5.191825689	0.285319057	1.889907491	4.543374988	1.640391757	0.912973312	0.78186929	0.612159996	0.154011802	0.412985793
Malawi	64.73544768	2.118901821	0.192565316	0.010243934	1.893044512	3.927397614	0.218138406	1.332557072	3.568722183	0.974863792	1.116763449	0.925931305	0.817460604	0.10848695	2.298335224
Mauritius	75.40081194	0.723745295	0.706583249	4.64184E-05	0.016206706	0.978567945	0.086495397	0.017737581	10.46635727	2.238335816	4.677663911	1.617653504	1.194901683	0.435149883	0.187610052
Mozambique	58.38277835	1.996424101	0.131785774	0.005640462	1.839281774	3.174924101	0.193352055	0.785937762	3.388772381	0.994283753	0.990295458	0.778388175	0.680400676	0.099219699	4.954752091
Rwanda	68.61366839	2.24450222	0.398306239	0.032776273	1.769239936	3.853331466	0.266485419	1.053952574	3.568157854	0.891131358	1.141093642	1.370503328	1.246198893	0.127416682	0.88207022
Seychelles	73.52586069	0.558707482	0.547934716	0.005256374	0.005527038	0.928391808	0.155278754	0.104184166	5.609124681	1.58442649	1.870318563	1.944367116	1.681962983	0.285286835	0.203343483
Somalia	58.46516346	3.043608968	0.077028421	0.010284289	2.948397995	5.834864712	0.420068041	1.979410912	2.991604852	1.195700657	0.912396536	0.869213046	0.724528179	0.145921217	0.543423274
Tanzania	67.08011059	2.214011128	0.290174146	0.00936941	1.876826841	3.709872358	0.221053031	1.04348723	4.122186804	1.138328753	1.044188588	1.211881488	1.043950836	0.174289707	1.504778702
Uganda	66.12820856	2.085940962	0.332102388	0.019558018	1.694947775	3.432472169	0.229397092	0.938176316	3.557978838	0.874693785	1.176541552	0.695979242	0.596461495	0.099224299	1.6867116
Zambia	63.13601452	1.727692035	0.415898045	0.014773222	1.257880082	3.181532392	0.158476184	1.083102212	3.505917835	1.177415301	1.030800648	0.893789688	0.760025317	0.13474946	3.055261996
Botswana	62.23124989	1.34258609	0.771470214	0.016096273	0.522370716	2.456376782	0.162954105	0.675377483	4.590176871	1.272019876	1.757252889	1.541255924	1.225801965	0.324310191	4.726751024
Lesotho	51.72743598	1.376289251	0.439893325	0.014921067	0.890853279	3.105096541	0.147443583	1.182297724	2.626596348	0.658271512	1.046268908	1.283509453	1.045867766	0.23949377	7.333015708
Namibia	65.18321298	1.330898975	0.641961725	0.025766244	0.627983065	2.511597344	0.136059774	0.734923036	4.174833109	1.188086542	1.43924849	1.085199188	0.910691006	0.18013838	3.553462644
South_Africa	65.17220661	0.984793673	0.813966596	0.015966153	0.146790269	2.175128246	0.22736839	0.591731188	4.442654039	1.025249256	1.65913439	1.224751853	1.017885805	0.21874455	5.276700899
Eswatini	58.18399967	1.274599123	0.508729153	0.011662063	0.719970306	2.647165139	0.134643868	0.961805216	4.468037599	0.967168689	1.791942539	0.635014446	0.511882017	0.123584783	5.610138634
Zimbabwe	60.97832261	1.752061358	0.344733414	0.008185019	1.366086133	3.076913404	0.164680803	0.965796987	3.507377684	1.058957814	1.319949754	1.456937988	1.236881071	0.22083004	3.025258594
Benin	64.4340417	2.531724197	0.454747912	0.027049911	1.994770025	4.285861966	0.172159318	1.276100166	3.788225123	1.036403606	1.213915097	0.647043978	0.507116873	0.141347957	0.564628885
Burkina_Faso	61.60846437	2.742120639	0.318322381	0.013090828	2.368982417	5.059923445	0.101977204	1.772656798	3.258679402	1.092826765	1.067093036	0.553400815	0.385369316	0.16734303	0.464562236
Cameroon	63.34258948	2.077061099	0.917632038	0.021432741	1.069180847	4.077712448	0.138139871	1.645305995	3.893382626	0.882492323	1.179214124	0.672503444	0.55133266	0.122904821	2.218199668
Cabo_Verde	73.68193714	1.551507375	1.159948329	0.00993677	0.345271735	2.114229569	0.098479074	0.338334198	4.93430612	1.377683839	1.624015845	0.789749823	0.636236282	0.14672621	0.350224805
Chad	60.33726579	2.883956556	0.330256747	0.020402594	2.487766153	7.2199506	0.192461041	3.519907643	3.012220372	1.118612221	0.93785324	0.743720179	0.573994743	0.171641041	0.921972986
Gambia	66.65825528	2.380681144	0.546738594	0.017799451	1.735297783	3.635942119	0.135385509	0.85468222	4.203093514	1.281958567	1.141647991	1.057785159	0.811962455	0.256451899	1.443060827
Ghana	66.26057001	1.972503626	1.001779796	0.02415204	0.876483795	3.107120459	0.133499192	0.777489635	4.645367455	1.110417726	1.461709639	0.535559803	0.440532967	0.097402269	1.228250674
Guinea	61.23854297	2.792478074	0.395387817	0.018778843	2.320918268	4.670930461	0.203313941	1.471530749	3.316488588	0.90927031	0.985539269	1.058440415	0.862320259	0.202865491	1.044648834
Guinea-Bissau	60.90298655	2.629898033	0.435253148	0.016885303	2.10752509	4.82696263	0.142329759	1.653127711	3.949845904	1.265606044	1.187343949	0.598555086	0.418303665	0.18343388	1.397807957
Liberia	66.02466346	2.102895426	0.385382182	0.009875963	1.657757732	3.930306318	0.145688814	1.506294487	3.822122822	1.166008644	1.296939068	0.549159739	0.447976906	0.103928182	1.004079074
Mali	61.79629895	2.618400315	0.314683993	0.023679781	2.250957768	5.158983147	0.220189413	1.675174417	3.296073912	1.02022454	1.03488063	0.647253899	0.511007432	0.138508107	0.695570559
Mauritania	70.7733338	1.935592038	1.006896086	0.011276072	0.853763288	3.801181637	0.094192385	1.242876725	4.02065148	1.356467959	1.019235989	0.696321916	0.551364476	0.151526939	0.178444925
Niger	62.45361927	3.099847593	0.29249887	0.023523778	2.739815392	6.721394201	0.278350405	2.623057907	3.176503535	0.96767414	0.916739046	0.470520752	0.31314772	0.157382918	0.366898939
Nigeria	64.27164523	2.35185883	0.834873712	0.024131342	1.436759183	4.874630493	0.103981599	2.251478461	3.334104879	0.871373867	0.905532879	0.396344657	0.272847961	0.127483856	0.993297546
Sao_Tome_and_Principe	70.9055775	1.937431661	0.675188119	0.032589452	1.164431498	2.564407308	0.144274238	0.380266777	4.779631853	1.221015655	1.215599958	0.693955804	0.614781836	0.082903905	0.231408111
Senegal	68.40616205	2.266972395	0.581233663	0.016611111	1.604909236	4.104376017	0.144954781	1.269207732	4.350330503	1.198343246	1.503444677	0.865610953	0.611421594	0.266348893	0.459549352
Sierra_Leone	61.70029323	2.72877303	0.421317591	0.013754669	2.232925633	4.499314745	0.143578351	1.451400265	3.468222085	1.100900144	0.756170695	0.969913905	0.744446383	0.233093481	0.967767345
Togo	64.97228848	2.34464539	0.531288666	0.026868176	1.721915871	4.815760639	0.188254698	2.011957307	3.820142496	1.222893147	0.853018808	0.973485596	0.814383568	0.1692291	1.176918626
American_Samoa	72.16194607	0.464230816	0.258477723	0.009814733	0.192439568	0.886527747	0.179014639	0.079238774	8.344803921	1.939450284	3.749895357	2.367686082	1.939542383	0.503464453	0.104318524
Bermuda	81.21021741	0.17494539	0.146375442	0.015615778	0.013116499	0.59371762	0.192034975	0.025536785	4.885172254	1.555646864	1.535099507	1.296114036	1.177770842	0.139639052	0.230128648
Cook_Islands	75.4019924	0.279537459	0.221474437	0.007015823	0.050262327	0.594511064	0.159724176	0.039288712	9.173633203	1.934156371	3.768602996	2.180940841	1.678783432	0.559429486	0.239585835
Greenland	73.30533353	0.187139647	0.156385597	0.022086508	0.00884783	0.93959001	0.445022972	0.008681173	3.601923992	1.353377166	1.030599964	3.632621647	3.449448957	0.281976007	0.122109783
Guam	76.20604321	0.432550313	0.375759661	0.000222032	0.055352911	0.79249453	0.152200716	0.05236634	8.349536254	2.648333103	2.576213064	2.370049951	1.961014892	0.492796067	0.162562924
Monaco	80.02170728	0.333772331	0.30982805	0.024613841	0.000277695	1.144108706	0.464233682	0.003539616	3.498086909	1.073450879	0.840857656	2.544949297	2.441531368	0.163871938	0.07511832
Nauru	63.31830257	0.367128199	0.275101035	0.000105364	0.090218304	0.949568676	0.176168701	0.094616893	9.944540559	2.967623496	4.044849298	3.266762526	2.70090426	0.643939399	0.256823902
Niue	70.54161326	0.383860803	0.309064549	0.009249943	0.064169352	0.705593938	0.151655641	0.071750521	9.530497877	2.539367618	4.216495792	2.390391114	1.793359834	0.658684854	0.262359603
Northern_Mariana_Islands	72.8433111	0.559276481	0.34655512	0.037465262	0.171569199	0.951596914	0.172432702	0.067710206	7.170003607	2.001799484	2.941018384	2.354305784	2.001719946	0.407918089	0.163679276
Palau	67.45292035	0.285954906	0.284662929	0.000544246	0.000735513	0.732209741	0.206923062	0.098930576	7.561658716	2.264859176	3.665725978	2.55511755	1.868960066	0.699417773	0.338761626
Puerto_Rico	80.27963916	0.15564025	0.153593014	0.001817613	0.000256066	0.379136468	0.095255757	0.054587719	6.098227877	1.315952302	2.544118199	1.119762794	0.990937235	0.147257068	0.191043067
Saint_Kitts_and_Nevis	72.07959564	0.290829095	0.268575371	2.68995E-06	0.021750228	0.665532557	0.102215633	0.107564226	6.149768819	1.530890927	2.344661476	0.736400735	0.586329578	0.160262239	0.944504877
San_Marino	82.08013067	0.22312217	0.195172313	0.028429785	0.000541089	0.863031655	0.314430377	0.00223564	3.43409862	1.066730805	0.948065802	1.733115234	1.651566132	0.122331335	0.07582917
Tokelau	72.17602376	0.258964621	0.247865602	0.010385051	0.0007578	0.78321951	0.171988834	0.103256264	8.462854947	2.468091952	3.728886058	2.380293955	1.822703777	0.6227581	0.3294666
Tuvalu	67.9341807	0.488490335	0.267894769	0.002457525	0.214130312	1.095804432	0.202273345	0.134031828	8.589770738	2.758238839	3.767648722	2.796823516	2.25049856	0.61802638	0.28426918
South_Sudan	63.52785382	2.369772405	0.350553323	0.016008018	1.967122199	5.163148292	0.200885198	2.132662317	3.067291662	0.86999776	0.903322884	0.781296557	0.642648851	0.140048583	1.435437552
Sudan	70.34719301	2.312430854	1.322203867	0.02748971	0.875190915	4.031996908	0.192875636	0.483938509	8.968624576	2.662393549	2.312037292	1.70244653	1.386418737	0.357244804	0.273553371
